-1.156749762	-0.485165573	0.253100408	0.443986931	0.333200354	0.13809071	0.82074776	-1.606498443	-1.822839247	-0.115782573	0.126092966	0.15112407	-0.049612026	0.66524033	0.217169695	-1.161987661	2.028839818	-1.070064951	0.396916774	1.41100868	-1.117060319	-0.516455187	-0.265140759	-0.129714687
-1.348484548	-0.493868182	0.261175686	0.38995115	0.34324266	0.437561018	0.661663811	-1.55386026	-1.770201064	-0.028397693	0.124798029	0.209630814	-0.10633917	0.542921534	0.233338198	-1.094148317	1.954266372	-1.089847235	0.444571098	1.472788454	-1.644539541	-0.50349221	-0.221647341	-0.152744539
-1.488257193	-0.46018769	0.346529459	0.38415129	0.506022891	0.717400119	0.464854297	-1.52642721	-1.742768014	0.033332773	0.206164199	0.269306151	-0.119026113	0.652040837	0.265900926	-1.012194428	1.951183303	-1.084107009	0.093197548	1.500221505	-1.146775934	-0.598329324	-0.256168265	0.047931572
-1.470027521	-0.453862262	0.074166245	0.618845213	0.506022891	0.379442778	0.533455702	-1.575388037	-1.742768014	0.06787974	0.22351432	0.467553103	-0.028054335	0.727197056	0.217565462	-0.956624576	2.193947604	-1.028655705	0.275800597	1.500221505	-1.099354239	-0.571703683	-0.215238956	0.117098813
-1.166301967	-0.456614092	0.229043273	0.409785391	0.630924732	0.421831148	0.7924314	-1.55386026	-1.770201064	0.075179496	0.178731148	0.39982069	-0.018057867	0.769998639	0.277491779	-1.01543275	2.281583884	-1.11154006	0.216162973	1.531628481	-1.130356331	-0.533178766	-0.226341762	0.038920925
-1.104111579	-0.475125687	0.199633671	0.527626969	0.608952651	0.477784651	0.859123829	-1.557279067	-1.770201064	0.110039981	0.161074677	0.329167723	0.25928438	0.969271158	0.496581197	-1.054016216	2.348284767	-1.11373545	0.411795154	1.531628481	-1.016628683	-0.48001169	-0.137559866	0.189296741
-1.193552851	-0.503232607	0.015623195	0.63660472	0.3872495	0.297237831	0.531879889	-1.606498443	-1.822839247	0.091712661	0.225946493	0.374385331	0.444382092	0.902573474	0.568485954	-1.058160048	2.33445359	-1.092265661	0.57158313	1.501586906	-0.830372465	-0.431262253	-0.006456066	0.190989751
-1.451128142	-0.360795355	-0.0559104	0.657517304	0.483843338	0.371374912	0.53245763	-1.680684652	-1.898597154	0.076690873	0.25265936	0.337476458	0.283538307	0.83830807	0.281574635	-1.073278201	2.20418993	-1.104228447	0.558237993	1.680297583	-0.922725824	-0.504722898	-0.118426314	0.100529904
-1.130741846	-0.648622102	-0.056662554	0.770266954	0.72689531	0.713663217	0.746470804	-1.580490527	-1.840128137	0.187321217	0.152100881	0.36882678	0.056549272	0.760264583	0.29889636	-0.939894842	2.066393035	-1.099455815	0.219483122	1.306538524	-1.105805042	-0.639124338	-0.278821314	-0.061358273
-1.072193696	-0.804050479	0.033034584	0.53065305	0.773870679	0.688816569	0.730726148	-1.580490527	-1.796831331	0.154271125	0.203273468	0.501932912	-0.117835735	0.914321397	0.594106047	-0.901089268	2.430373494	-1.080646483	0.20195379	1.040684806	-1.096927368	-0.665155884	-0.262244822	0.094082998
-0.905076445	-0.864567162	0.062639586	0.528915646	0.646878077	0.5147387	0.807113059	-1.583909334	-1.801077622	0.178484807	0.399451183	0.66774289	0.010345402	0.840408367	0.465549514	-0.918541718	2.628979009	-1.02821512	0.183293073	1.054218013	-0.958960331	-0.627213133	-0.221002786	-0.03853517
-0.600856528	-0.812406854	0.070986386	0.79794894	0.636410263	0.582793268	0.911727215	-1.587339869	-1.801077622	0.240418988	0.385690586	0.529619244	0.325633171	0.709040447	0.499803893	-0.889051289	2.414039985	-1.02821512	0.154572176	0.950358093	-0.74447006	-0.630111686	-0.227774127	0.078549831
-0.50040567	-0.780737526	0.057272508	0.914934298	0.64148269	0.674176	0.739793217	-1.60991725	-1.827085538	0.257078876	0.317226917	0.404985771	0.334524111	0.79881572	0.67469915	-0.881442594	2.356425288	-1.002536891	0.406126672	1.014676891	-0.683947484	-0.524519747	-0.24246365	0.307861161
-0.70797555	-0.674630017	0.069481103	0.67022612	0.438526527	0.576210983	0.448281416	-1.623710572	-1.83993368	0.243540667	0.387017077	0.499465386	0.566933761	0.66524033	0.72036296	-0.848919402	2.150007762	-0.953391424	0.338387291	1.084871895	-0.724933422	-0.541905401	-0.265140759	0.095702194
-0.778048451	-0.736202629	0.122119285	0.663523793	0.714317092	0.754577977	0.803865665	-1.592125798	-1.809082852	0.313732492	0.530263137	0.408970766	0.654301632	0.769998639	0.882384204	-0.775694586	1.91485754	-0.864131886	0.275192802	0.899437136	-0.927027922	-0.576278596	-0.336631002	0.064953358
-0.985148103	-0.465069224	0.062639586	0.649670656	0.92671958	0.775780899	1.003416867	-0.85874594	-1.004913095	0.262493975	0.55171507	0.32664737	0.341738199	0.928581389	1.031384501	-0.756374963	1.901117045	-0.547706936	0.488055698	1.478937335	-0.835794112	-0.701189552	-0.172755318	0.98574443
-1.098725912	-0.839921095	-0.149936806	0.356947588	0.797208779	0.682208746	1.068646276	-0.98555551	-1.179820249	0.087205454	0.700617927	0.518014402	0.515642725	0.884254285	0.899159078	-0.926454117	1.858167372	-0.303889511	0.729160723	1.842991219	-0.929039954	-0.634834327	-0.000738783	0.740467359
-1.312336246	-1.252357787	-0.082194508	0.034351214	1.088356772	1.21225821	0.949065175	-1.16534641	-1.256536648	0.050709067	0.9085369	0.788830047	0.579990122	1.334484002	0.896938084	-0.773221674	1.654192281	-0.13310919	0.553206429	1.497593393	-0.752669854	-0.594954468	0.071919198	0.205073379
-1.287236056	-1.305176975	-0.119384364	-0.029850583	0.885088047	0.988783049	0.669105173	-1.06380805	-1.214551572	0.046941133	1.341198089	0.809305946	0.383445481	1.288054655	0.438624713	-0.460468582	1.217040806	-0.071947714	0.260568546	0.882232108	-0.584955746	-0.616383938	-0.292983783	-0.099366613
-0.675212117	-0.996501876	-0.217587185	-0.015434078	0.827933996	0.920391191	0.788757356	-0.905814024	-1.089604549	-0.112696978	0.662993007	0.856935422	0.495052544	1.208671383	0.936045367	-0.408659406	1.049877749	-0.355944132	-0.072585845	0.779411969	-0.9795692	-0.535263318	-0.602046424	-0.277621353
-1.003519641	-1.376735148	-0.506350982	0.080002697	0.82731986	0.738349456	1.58098464	-1.408701021	-1.41296542	-0.063413364	0.239138939	0.550894188	0.127479621	1.034940274	0.566364548	-0.042464639	1.045965744	-0.493261715	-0.20779675	0.664408459	-1.31830295	-0.698885029	-0.345703661	-0.251953648
-1.441909984	-1.763212131	-0.478161688	0.384699191	0.529286334	-0.014522691	0.401032763	-1.498547429	-1.522734654	0.023504705	-0.179245578	0.299625255	-0.138325308	0.571892321	-0.208666797	-0.146852124	0.253206706	-0.791707656	-0.372556039	0.466815146	-1.627049473	-1.006050519	-0.73779314	-0.580860613
-1.009611914	-1.484250399	-0.026778984	0.5994469	0.463659606	0.190702913	0.413214774	-1.90588947	-2.04875219	0.085963551	-0.009853664	0.645874991	0.22558039	1.071407662	0.193096668	-0.194688837	0.425983867	-0.821830453	-0.190614375	0.45528576	-1.428944046	-0.817025262	-0.391068479	-0.261945441
-0.975213539	-1.675220129	0.219389333	0.547541423	0.323092406	0.469462582	0.999013283	-1.825608639	-1.594496918	0.141983124	0.01675341	0.88757124	0.088368463	1.191885127	0.034699159	-0.251649876	0.959049808	-0.679567656	-0.115730869	0.761510721	-1.158365518	-0.857213513	-0.153008151	-0.117334303
-0.611119893	-1.675220129	0.241471096	0.631461772	0.495910357	0.628495102	0.723836532	-1.82275557	-1.368183792	0.178724431	0.092993235	0.858539114	0.254903758	1.191885127	-0.016851593	-0.32280189	0.832851078	-0.786847461	-0.217886483	0.822610673	-0.99605919	-0.828238374	-0.044910117	-0.159034535
-0.484196281	-1.469146823	0.218234931	0.622267983	0.742439334	0.683803761	0.172985751	-1.607042269	-1.226721342	0.30037441	0.201505508	0.628804745	0.773464862	1.160454505	0.139700945	-0.247629709	1.838888185	-0.707596916	-0.159512664	0.812914439	-0.870169863	-0.811631915	0.045602152	0.007798629
-0.530194475	-1.226018816	0.34617855	0.747001082	0.705373083	0.415081479	0.21619662	-1.603448447	-1.586996842	0.403715382	0.175592249	0.42837227	0.70763127	1.031708258	0.080402062	-0.328588832	1.507113585	-0.78779009	-0.124594346	0.857698705	-0.697926391	-0.865694973	0.028946669	0.022487689
-0.651120874	-0.853209506	0.38617016	0.725490003	0.747010218	0.613182136	0.444524341	-1.650574818	-1.486351305	0.456020935	0.15853114	0.483451838	0.471891016	1.033749058	0.493651278	-0.314055358	1.295658379	-0.728526415	-0.135418743	0.851678321	-0.65722584	-0.907513246	-0.135591808	-0.08475151
-0.43556083	-1.06380938	0.258209161	0.625359053	0.655076436	0.736235622	0.25309845	-1.440641498	-1.281639384	0.435276583	0.170921813	0.602235374	0.502834079	1.086787827	0.683783579	-0.339196347	0.768801276	-0.692643529	-0.025511588	0.790813182	-0.900918311	-0.761744305	-0.20603631	-0.11899914
-0.445685221	-1.232884381	0.270494211	0.661906687	0.686107118	0.72964383	0.054554815	-1.344310799	-1.328374206	0.479655346	0.221624152	0.53365093	0.484569043	0.956666577	0.353476284	-0.318571533	0.720974794	-0.687977591	0.240735661	0.829276499	-0.972885737	-0.930845648	-0.086797227	-0.003934225
-0.964253556	-1.450864922	0.221486816	0.443208732	0.361936881	0.620311755	-0.26100352	-1.425888936	-1.419244393	0.501630921	0.009195589	0.247253817	0.035306733	0.722249137	0.766881291	-0.330987227	0.04760197	-0.719496529	-0.072519592	0.844861433	-1.307217406	-1.239686033	-0.279969063	-0.34017428
-1.148207022	-1.707976795	0.130466006	0.063699735	0.049546524	0.357488627	-0.165173262	-0.716603257	-0.70335803	0.648671737	-0.096026769	-0.048432062	-0.064972756	0.732978844	-0.039585458	-0.287421622	-0.268504463	-0.949797144	-0.343202309	1.022083558	-1.367457525	-1.325899605	-0.3453156	-0.367261804
-0.774932152	-1.687734854	-0.200356625	0.122396915	0.064911469	0.016974635	-0.424772334	-0.848659973	-0.781258581	0.782449659	-0.141845154	-0.029001395	-0.123018959	0.627508636	-0.264959116	-0.364988705	-0.660240836	-0.969429114	-0.534720167	1.209314254	-1.285530541	-1.167274267	-0.445766977	-0.414022111
-1.038682284	-1.798952223	0.096574136	-0.151437482	0.107865806	0.171939008	-0.223987077	-1.02821512	-0.763888146	0.692268492	-0.253062522	0.177131985	-0.121796136	0.870573413	0.138123139	-0.322378652	-0.228921878	-0.887343347	-0.412764025	1.098096885	-0.822431602	-1.059140277	-0.360637655	-0.189259566
-1.009112022	-1.801058535	0.229130105	-0.057514476	0.244162349	0.491813713	-0.188678494	-1.411164989	-0.881539101	0.514308338	-0.070927305	0.261898619	-0.172755496	0.90351215	-0.10132085	-0.067747652	0.387061762	-0.831249175	-0.398812314	0.853230489	-0.7030453	-0.905315228	-0.529732722	-0.326600628
-1.207559543	-1.817763701	0.193445411	0.23214473	0.378588548	0.73962582	0.117304197	-1.327323834	-0.362351912	0.544654353	0.30608086	0.318514413	0.003090069	0.836814241	0.053233277	0.119460532	0.360430248	-0.916533495	-0.350478479	0.823480005	-0.715049225	-0.590302114	-0.45931996	-0.264034449
-1.142336117	-1.510103161	0.222815808	0.213693126	0.479237821	0.76750219	0.207992024	-1.298009446	-0.224904917	0.509295234	0.318955621	0.330795269	0.057825707	1.041228964	0.189637409	0.075424799	0.649486746	-0.829395671	-0.25993382	0.823480005	-0.797234158	-0.9446957	-0.310784026	-0.140429681
-1.018104153	-1.321399905	0.343583813	0.249631909	0.81125979	0.95369786	0.202691372	-0.9651699	-0.14974995	0.446007011	0.394287808	0.181094587	0.142230246	1.121836415	0.429654951	0.003908337	0.785248229	-0.588142727	0.047393449	0.781263026	-0.662645254	-0.97189025	-0.089571368	0.122741517
-1.418330808	-1.84453986	0.234901682	0.120134665	0.475110433	0.273666226	-0.034561924	-1.131118109	-0.339145807	0.431575081	0.116096295	-0.06896041	-0.01909845	0.701745005	0.026737013	-0.017362841	0.461632038	-0.732720168	-0.271472253	0.732798235	-0.956602763	-1.05275612	-0.370411008	-0.267381659
-1.369118895	-1.835613065	0.183821001	0.176197076	0.086038121	0.276426792	0.094943202	-1.087190649	-0.448929523	0.566731054	0.233951129	0.086493805	0.379571319	0.961155459	0.266820207	-0.259016877	0.732415656	-0.612364413	-0.090874209	0.821737794	-0.694079002	-1.064791461	-0.218111218	-0.07548929
-1.499429916	-1.863767733	0.116096295	0.27124366	0.059598201	0.32901067	-0.098610513	-0.94382069	-0.516694085	0.565466148	0.173114194	0.104394305	0.239204306	1.017815006	0.226149878	-0.496891458	0.773980525	-0.336756319	-0.149277044	0.665588025	-0.792761332	-1.270501602	-0.281659607	0.05126773
-1.096585189	-1.526814855	0.300838063	0.320950648	-0.00229879	0.469195646	0.056725196	-0.851775573	-0.547646272	0.53826645	0.409355645	0.369198323	0.125448943	1.082806576	0.317302567	-0.361178199	0.817182029	-0.166166117	-0.167869963	0.478537624	-0.81166472	-1.332196225	-0.232235864	0.153364645
-1.074596944	-1.517283956	0.417317438	0.266361238	-0.036280695	0.487633749	0.311798531	-0.745257309	-0.660673707	0.423244098	0.465193016	0.47754772	-0.085643843	1.022286317	0.215240564	-0.360371075	0.68631081	-0.217314237	-0.317981992	0.234832097	-0.960430766	-1.383490213	-0.268065705	0.104296561
-1.188551827	-1.631238838	0.197304256	0.196393371	0.341476857	0.588858635	0.161639512	-0.800815187	-0.705754561	0.353721315	0.026549335	0.408541087	0.089336323	0.899849055	0.101285681	-0.063813105	0.572355928	-0.289806598	-0.431936875	0.120877215	-1.074385649	-1.342455357	-0.378895773	-0.009658322
-1.31819912	-1.760886131	0.044079897	0.066746077	0.27585889	0.551620196	0.04421799	-0.947998694	-0.81400186	0.290321559	-0.103097958	0.314295721	0.156493234	0.778684141	-0.028361612	-0.006697464	0.442708635	-0.313325284	-0.561584168	-0.008770079	-1.204032942	-1.472102651	-0.508543066	-0.139305615
-1.330010729	-1.787552479	0.017413549	0.040079729	0.323855844	0.554523748	0.191739315	-0.973734376	-0.875468737	0.305958389	-0.129764306	0.400393246	0.10451699	0.743535414	-0.05502796	-0.05837431	0.416042287	-0.492169925	-0.588250516	-0.035436427	-1.23069929	-1.350002003	-0.535209414	-0.165971963
-1.035427018	-1.544463878	-0.049617511	0.169824265	0.805634017	0.876802845	0.367188503	-0.84564637	-0.806829616	0.420663928	-0.142852813	0.635921454	0.316089869	0.594502622	0.098052068	-0.002047936	0.40295378	-0.41099373	-0.441582351	-0.117536005	-1.1961094	-0.92908066	-0.327016065	-0.122501317
-0.857300541	-0.623054362	0.087604542	0.451703203	0.76723362	0.921405247	0.480062399	-1.068940046	-1.048252507	0.278090122	0.395723382	0.576949119	0.613518291	0.592785649	0.362714491	-0.186320239	0.143856589	-0.487584272	-0.213884491	-0.306315162	-1.02774354	-1.227629999	0.076895112	-0.126668683
-0.863761586	-0.515501952	0.127982878	0.488493282	0.638477084	0.13534953	0.332340324	-1.280287642	-1.390265023	0.277931477	0.577178776	0.504199068	0.783870872	0.853154598	0.309545804	-0.26785979	0.170845372	-0.310259688	-0.184950005	-0.213000122	-0.807507285	-1.214170489	0.262379398	0.10996752
-0.610470227	-1.058910533	0.256325237	0.407113765	0.519303669	0.600564804	0.380936484	-1.447309063	-1.452424164	0.445656898	0.339335306	0.535098876	0.531402665	0.929256443	0.257207091	-0.21108147	0.010356292	-0.604577004	-0.257608543	-0.068183191	-0.741298542	-1.18210347	0.166837136	0.06242126
-0.15959338	-0.568563968	0.234907815	0.330881172	0.492529591	0.770994169	0.655016291	-1.724118997	-2.00382312	0.583683515	0.335723224	0.802422626	0.727586984	1.203445256	0.497252031	-0.079449549	0.954925545	-0.439392803	-0.062464002	0.066345734	-0.686150585	-1.057285428	0.116987944	0.289822379
-0.163984251	-0.637776547	0.29207375	0.215779555	0.468594627	0.656782627	0.614873639	-1.897722772	-2.019921852	0.413783448	0.624660766	0.739610305	0.95569328	1.339463061	0.499835119	-0.082130827	1.147771011	-0.24649858	-0.101889977	-0.032679506	-0.570760964	-1.040744906	0.221545836	0.380562025
-0.219071915	-0.661240133	0.08991103	0.274338759	0.496164399	0.496263925	0.2869939	-1.85717021	-2.074657884	0.406735733	0.088989222	0.600761556	0.422823029	0.82638224	-0.170835896	-0.103956871	0.700909045	-0.223252537	-0.122507561	-0.032480186	-0.644803415	-1.112245559	0.140268808	0.255820872
-0.177402697	-0.572659933	0.311171284	0.427304454	0.439000494	0.498847106	0.127462911	-1.698687983	-1.752927751	0.448404952	0.007470746	0.547852435	0.233823127	0.913503234	-0.140543364	-0.009016267	0.27780559	-0.331994406	0.093175001	0.083658796	-0.831861555	-1.067597932	-0.0176519	-0.103670314
0.144858013	-0.107759291	0.700246741	0.347710719	0.321396417	0.488278892	0.103986847	-1.713551274	-1.920323927	0.497126859	0.053206893	0.561608006	0.416136315	0.921125645	-0.333718971	0.031227986	0.274477475	-0.341855712	0.145109061	0.147340617	-0.853021808	-1.045432914	0.04452873	-0.098877495
-0.115424417	-0.551231808	0.636583057	0.227252122	0.275652265	0.299597253	0.087025732	-1.558532279	-1.717926331	0.473110251	0.081536723	0.552300846	0.306636549	0.727546249	-0.387567602	0.005697042	0.767913217	-0.244353962	0.367576802	0.220112924	-0.832705302	-1.012060378	0.108427783	0.031537837
-0.017773309	-0.910800737	0.561038235	0.152072315	0.233516213	0.313260478	0.116356812	-1.05419643	-1.132200669	0.444195183	0.182413304	0.478432089	0.314366617	0.649545843	-0.279913446	-0.045327956	0.590016797	-0.269047711	0.43474149	0.190545287	-0.80676878	-1.034951527	0.12217135	0.081756287
-0.042635429	-0.80694677	0.464447272	0.144003154	0.193479469	0.222336774	0.500005527	-1.190549784	-1.181629118	0.48512212	0.185612778	0.442093492	0.483258625	0.801880381	-0.30927357	0.033910633	0.487116072	-0.268540666	0.078213526	0.236996587	-0.869167793	-1.045270908	0.023852317	-0.096817964
-0.339869136	-0.426704771	0.509503528	0.190750017	0.18605346	0.232578669	0.122073905	-1.112749738	-1.171387224	0.416977628	0.141686871	0.465555269	0.358792162	0.503698719	-0.267248178	0.055153163	0.393372839	-0.35710758	-0.049802237	0.223330707	-0.870756488	-1.054828541	-0.157012832	-0.187089304
-0.490706414	-0.617624614	0.501700716	0.117116085	0.221082524	0.200550577	-0.042136051	-0.286856649	-0.680293182	0.302782188	0.155447468	0.433957064	0.344851955	0.529477997	0.171111143	0.063454118	0.657278948	-0.436069048	0.141137269	0.219293595	-0.800497625	-1.030853319	-0.14877019	-0.082203495
-0.558719456	-0.891689556	0.492217245	0.038308523	0.183314438	0.117498318	-0.006873809	-0.250247778	-0.36889714	0.267151275	0.10732735	0.368871361	0.698821603	0.466349343	-0.131810682	0.068300416	0.679871388	-0.2712496	0.148265616	0.25018107	-0.826929035	-1.049332941	-0.19071179	0.020500945
-0.644755055	-1.130211994	0.437787139	0.118693392	0.185928462	0.165773713	-0.092968652	-0.326139453	-0.579993969	0.225932492	0.1250045	0.406896989	0.893252159	0.472423735	-0.094669582	0.081912022	0.416801563	-0.323922157	0.069460904	0.220721589	-0.726291288	-1.047730261	-0.295464213	-0.10481776
-0.698796837	-1.203607969	0.449080304	0.231497739	0.224483	0.27894646	-0.069196958	-0.432610463	-0.632367082	0.177244566	0.075990466	0.457665795	0.505175967	0.52432447	-0.157976106	0.085595268	0.380055785	-0.390308084	0.091923243	0.155930375	-0.714547752	-0.888524518	-0.416607509	-0.097903452
-0.727009143	-1.017364694	0.396426438	0.167310784	0.236526485	0.341168046	0.978938432	-0.355420825	-0.439216598	0.413752216	0.083141279	0.449693571	0.488606387	0.585776202	-0.536600177	0.077968216	0.296110396	-0.371163135	0.091923243	0.100000812	-0.697240667	-0.723094812	-0.27093963	-0.065740749
-0.452000082	-1.115161223	0.39172438	0.107650964	0.264866036	0.341269733	0.588926154	-0.192582914	-0.356353397	0.406999626	0.077490251	0.382106614	0.559713011	0.618100436	-0.524937964	0.052967198	0.237025081	-0.314619669	0.115610926	0.127732848	-0.41616293	-0.732005675	-0.091203655	0.037430038
-0.492913026	-1.436600397	0.347026742	0.078004543	0.180711402	0.30742127	-0.448923691	-0.268131679	-0.64187956	0.31997197	0.164814052	0.298318229	0.603188372	0.486686117	-0.362401782	0.045151394	0.235213873	-0.259441785	0.187630367	0.141509546	-0.312716198	-0.75142225	0.051901566	0.084301316
-0.602933548	-1.111797064	0.30029116	0.2390764	0.226402718	0.365325081	-0.598799222	-0.139233115	-0.642080612	0.272811344	0.100563132	0.09828263	0.691003827	0.544606261	-0.168314324	0.084952163	0.132176571	-0.450151613	0.200892791	0.122462805	-0.414371148	-0.770468992	-0.023730229	0.065254575
-0.677055683	-0.935684123	0.309020784	0.471010679	0.214948857	0.191057427	-0.531268254	-0.125717453	-0.575420122	0.300925228	0.080313936	-0.090911806	0.353950834	0.439959823	-0.555907308	0.096911828	-0.039039369	-0.453713857	0.256281083	0.14267086	-0.481413564	-0.58921842	-0.100697461	0.018666011
-0.667590374	-0.758883252	0.125332153	0.459850804	0.181723809	0.184349539	-0.526828836	0.060053066	-0.436349612	0.267907925	0.069348807	-0.09729557	0.452826221	0.442914693	-0.617413109	0.09788208	-0.032984793	-0.351537084	0.356212039	0.175833246	-0.507001721	-0.254847956	-0.149297163	0.003249559
-0.67039143	-0.503002791	0.025000692	0.355977527	0.119931583	0.249469529	-0.02315914	-0.006423713	-0.415378356	0.282234494	-0.107122858	-0.133330101	0.536380739	0.426285687	-0.380777922	0.113485837	0.216769601	-0.319387441	0.455335023	0.20831437	-0.430472982	-0.463365472	-0.057075524	0.05343074
-0.462113904	-0.846954414	0.090471669	0.041135785	0.04857043	0.275570709	0.029583587	-0.010287648	-0.413035203	0.269489386	0.079283945	-0.12049768	0.440664373	0.196153057	-0.555047463	0.123302901	-0.059267134	-0.330191792	0.595142318	0.207902815	-0.42718798	-0.52867452	-0.063975018	0.047476619
-0.666281518	-1.150372568	-0.008086805	-0.128431346	2.2066E-05	0.215995064	0.15677627	0.172683783	-0.511959002	0.051017428	-0.031789984	0.058537831	0.473324601	-0.296503247	-0.494440306	0.090689674	-0.266676475	-0.28440692	0.420532626	0.158736242	-0.526945557	-0.724162977	-0.247416303	0.039438806
-0.632678422	-1.035440513	-0.081928895	-0.068884317	0.037846058	0.102289404	0.582028461	0.127138928	-0.29115912	0.110598473	-0.333539533	0.125872075	0.354865919	0.186986595	0.148610499	0.084272584	-0.330676662	-0.370927065	0.332906856	-0.006945546	-0.539979899	-0.709777126	-0.233808364	0.063383847
-0.60626903	-0.534098492	-0.264367937	0.609267822	0.574070814	0.473191515	0.652697843	0.393012826	0.001002881	-0.053568488	-0.197555801	0.232605289	0.133067858	0.768767588	0.108349191	-0.046666606	0.149750905	-0.008213774	0.29518772	-0.250136814	-0.480249645	-0.480249645	-0.342004424	0.026499063
-0.734533782	-0.303998421	-0.173738606	0.855799601	0.732334924	0.580265269	1.596866423	-0.110289506	-0.480073696	-0.134204138	0.090609399	0.103489766	0.162532982	0.226944584	-0.477351988	-0.098124665	0.059452606	0.090866072	0.368326701	-0.13051463	-0.116175301	-0.061790792	-0.208492616	0.389681879
-0.854626041	-0.679997863	-0.291223036	0.350327812	0.486774366	0.37671921	1.112610482	-0.816144608	-1.087738512	0.053655546	-0.044585214	0.004595503	0.050749022	-0.03641545	-0.570474777	-0.031571557	-0.321127309	-0.244579887	0.075905041	-0.080770581	-0.374681946	-0.229742224	-0.358723383	0.364929195
-0.06144105	-0.29598921	-0.182235104	-0.000279752	0.295950193	0.319410309	0.546223792	-0.449217255	-0.49071192	0.100472681	-0.282423752	0.304706898	-0.107436502	0.160985689	-0.19867796	0.05849534	-0.035748135	-0.137177937	0.160476847	0.033346633	-0.258661116	-0.240046139	-0.283588005	0.32695682
0.365249105	0.225394907	0.281455857	-0.02834625	-0.052074097	0.059075274	0.095943591	-0.107099643	-0.075194164	0.07060128	0.021191619	0.16688425	0.034456202	0.072258567	-0.203735801	0.024242297	-0.081193432	0.071290356	0.02044448	0.082485661	-0.012152089	-0.275409443	-0.094469081	0.149916299
-0.141125184	-0.014906868	-0.057125099	0.138288658	-0.033672799	-0.019330834	-0.077778965	-0.172979834	-0.020290225	-0.018083971	0.025699526	-0.065469413	0.057614549	-0.025360338	-0.093612524	0.043964428	-0.025360338	-0.069797955	-0.117655359	-0.016550709	0.017881962	-0.253573774	-0.136245538	-0.08839515
-0.247486397	-0.196093648	-0.22001826	-0.113039049	0.064696654	-0.029845031	-0.011584158	0.193658038	0.069429038	-0.040600253	-0.039510433	-0.086052061	-0.080835565	-0.035614971	0.195812438	-0.059033532	0.077374597	0.002353045	0.077051521	-0.052115642	-0.006477614	0.318398205	0.163739718	-0.050370681
-0.441452034	-0.522637626	-0.276370398	0.066220775	0.075575658	-0.039007139	0.985758505	0.274121183	0.111858842	0.020744523	-0.235634566	-0.053447522	-0.243330807	-0.085657388	-0.359285688	-0.125604249	0.119596786	0.107788426	0.090611329	0.012986167	0.075132166	0.848720069	-0.142647268	-0.137970291
-0.587177279	-0.695484082	-0.325034954	0.225525264	0.156594614	0.056080307	0.512838709	0.173325151	0.111663031	0.130040841	-0.219372334	-0.089166204	-0.296734961	-0.106667461	-0.353919956	0.055286152	-0.089441623	-0.07694089	-0.058077491	0.15587643	-0.03060637	0.223512921	-0.23995067	0.089338642
-0.468791196	-0.847188416	-0.339104229	-0.245556512	0.019763658	-0.094636424	-0.155604831	-0.028751213	-0.001210445	0.089061465	-0.453294445	-0.202977568	-0.342347928	-0.163235865	-0.359035432	0.171709265	-0.283170246	-0.218767931	-0.168427344	0.184580014	-0.10178578	-0.024226118	-0.63675329	-0.028573372
-0.484711681	-0.601059261	-0.106386776	-0.255286466	0.084398378	0.17004327	-0.104425725	-0.014678661	-0.163120709	0.271325848	-0.236606016	-0.017898387	-0.248951139	-0.193406389	-0.146636819	0.248151781	-0.025482589	-0.146427241	-0.056312275	0.253082758	-0.06951665	0.385999106	-0.752566538	0.090865526
-0.376293443	-0.437698047	0.306200276	-0.331952496	0.077056519	0.18644098	-0.571820523	-0.068394579	-0.15119339	0.140550253	0.15563589	-0.038098058	0.370836236	-0.151514744	0.122874961	0.308772885	-0.128113814	-0.119464773	-0.192631404	0.312282608	-0.08529695	0.062804904	-0.571168313	0.268767551
-0.372216201	-0.512256217	-0.260941789	-0.495941656	0.114787608	-0.014152047	-0.823671874	-0.131148719	-0.200498351	0.181652172	-0.228427126	-0.350346672	0.456892226	-0.280680453	-0.1023336	0.195255768	-0.315845128	-0.234869113	-0.219636614	0.303299963	-0.146454605	-0.227853962	-0.872680403	0.074107972
-0.259482771	-0.759293543	-0.459589891	-0.687178841	-0.138212874	-0.418869979	-0.578969168	-0.329634577	-0.220652413	0.043917735	-1.096618882	-0.750802309	-0.499379486	-0.49975892	-0.275426955	0.022162413	-0.467397665	-0.441167842	-0.407731681	0.258401052	-0.799787614	-0.515055586	-0.985187675	-0.154560075
-0.896251439	-0.919339461	-0.411325494	-0.713007192	-0.411621177	-0.673029011	-0.588440483	-0.002038465	-0.306899846	-0.072803983	-0.89698906	-0.400038988	-0.331044029	-0.267993796	0.063818791	-0.068058588	-0.384839537	-0.14873384	-0.241674944	-0.044897819	-0.977987482	-0.361053204	-0.689849614	-0.219328236
-0.774913486	-1.219509267	-0.526925396	-0.526362087	-0.185803149	-0.398172779	-0.248302475	-0.018334039	-0.268446652	0.052696419	-0.724581975	-0.634115477	-0.260255596	-0.201709867	0.086895584	-0.244930043	-0.312675448	-0.126574009	0.06621886	0.37345124	-0.991839854	-0.500711689	-0.665851877	0.150734171
-1.012196152	-1.461485904	-0.379144615	-0.448639876	-0.069231112	-0.353592286	-0.018599232	0.003980949	-0.303941271	0.18941313	-0.94345042	-0.452364467	-0.248926753	-0.302586335	0.115970048	0.007121874	-0.452549518	-0.102266475	0.15926335	0.1077549	-0.798540393	-0.671445516	-0.637822136	0.443482061
-1.289129501	-1.52690156	-0.345074541	-0.633971897	-0.408448907	-0.459453823	-0.12347437	-0.083637585	-0.254825857	0.092629729	-1.21927305	-0.455348599	-0.245240479	-0.59402401	0.054316378	-0.010296031	-0.628860721	-0.036326085	0.005463693	-0.152424966	-1.222670712	-0.875285133	-0.537226145	0.265433297
-1.333966316	-1.578529718	-0.544785913	-0.547873429	-0.490475346	-0.470426531	-0.453867115	-0.038544925	-0.378947082	0.132996694	-1.055903191	-0.53007452	-0.309646035	-0.855199349	-0.08828062	0.027564494	-0.634533472	-0.086817012	-0.117230512	-0.375898917	-1.300128967	-1.05898116	-0.904584192	-0.031457643
-1.654039666	-1.699061346	-0.624618023	-0.674439529	-0.31388944	-0.537447265	-0.480708943	-0.157668829	-0.287478417	-0.071989742	-0.944073452	-0.839024115	-0.520930373	-0.856356795	-0.171699693	-0.027127765	-0.660239289	-0.172141994	-0.179440486	-0.450626817	-1.250797966	-1.122647533	-0.972767147	0.035758715
-1.544098087	-1.673414253	-0.607973418	-0.794861439	-0.219171975	-0.548334924	-0.372895833	-0.083242078	-0.185317995	-0.127607892	-0.974861232	-0.827186738	-0.667205607	-0.91129509	-0.108203676	-0.260889362	-0.676423535	-0.212192582	-0.345353396	-0.536967258	-1.408061026	-1.024533707	-1.248811884	-0.208044131
-0.792677323	-1.450345902	-0.686964935	-0.666736056	-0.189010821	-0.496235372	-0.179730324	-0.318735185	-0.162211587	-0.135633762	-0.639204026	-0.507371355	-0.579890715	-0.584246095	-0.126533287	-0.281005337	-0.395283347	-0.096262886	-0.157941393	-0.277290865	-1.351060153	-0.818047411	-0.950236269	-0.171609284
-0.79531153	-1.434657477	-0.699387478	-0.495336806	-0.156756283	-0.368076588	-0.097534473	-0.410046674	-0.299041674	-0.13299865	-0.476604706	-0.329187425	-0.379739884	-0.47994693	-0.021736981	-0.29038395	-0.084018902	0.043243395	0.072796516	-0.086287397	-1.232488744	-0.845739494	-0.818880393	-0.148729176
-0.985713989	-1.396430341	-0.567957789	-0.418381726	-0.026350389	-0.051238496	-0.180434895	-0.453976864	-0.048130855	-0.057274965	-0.622380881	-0.489263932	-0.139906829	-0.605484521	-0.008898616	-0.123401198	-0.183210841	0.015643766	-0.151283062	-0.245814187	-1.218204188	-0.825194793	-0.592068913	-0.132407526
-0.552710477	-1.293539501	-0.355657196	-0.531994864	-0.270712881	-0.402442415	-0.23432608	-0.418551898	-0.02190037	0.03568864	-0.597920024	-0.507159703	-0.550229788	-0.57687942	-0.001608323	0.018111263	-0.465065476	-0.019775112	-0.162518232	-0.188784753	-1.309337273	-0.886331994	-0.810922804	0.114175047
-0.881722704	-1.252482607	-0.356435481	-0.523727402	-0.372125411	-0.53451248	-0.470334199	-0.484838358	-0.225970946	-0.013012581	-0.385369138	-0.691519792	-0.71001123	-0.845668487	-0.135960791	-0.032765164	-0.765703825	-0.095737435	-0.475993481	-0.346692708	-1.322312323	-0.756953745	-0.970988226	-0.1302971
-1.132233549	-1.629184934	-0.450174336	-0.713214825	-0.433196574	-0.644087937	-0.811176552	-0.411764943	-0.265294602	-0.271230557	-0.80357422	-0.888469562	-0.628397131	-1.028782027	-0.183968171	-0.112156536	-0.853962712	-0.135906168	-0.513286667	-0.330986991	-1.334269973	-0.79675303	-1.008428157	-0.067855894
-1.287507008	-1.833631754	-0.408678144	-0.896708489	-0.439506138	-0.641539631	-0.523137773	-0.335962317	-0.240663134	-0.122253633	-1.122451581	-0.760993935	-0.603023339	-0.991230291	-0.056505174	-0.112497391	-0.804677613	-0.202298085	-0.349559447	-0.180191005	-1.306961073	-0.824224844	-1.088909292	0.000524732
-1.592712445	-1.638347983	-0.539233747	-1.024703381	-0.380722686	-0.599242872	-0.438756078	-0.211066612	-0.10461218	0.22650349	-1.175141304	-0.93868963	-0.401617045	-0.793199498	0.026469493	-0.073436254	-0.882198333	-0.269851875	-0.458595408	-0.220857375	-1.469459403	-0.925183116	-1.011251053	-0.211475272
-1.592204586	-1.116836516	-0.58602418	-0.907643333	-0.219193871	-0.484608644	-0.652517973	-0.21032118	0.034168463	0.140670245	-0.850586944	-0.96349883	-0.584855625	-0.249067497	-0.007527682	-0.151095023	-0.675685902	-0.21563854	-0.457989396	-0.27538778	-1.556163809	-0.859525585	-1.049218524	-0.327642177
-1.622121924	-1.204450385	-0.651297025	-0.950463465	-0.282078087	-0.497290868	-0.695733635	-0.343889414	0.123972235	-0.27548054	-0.795553372	-0.71901637	-0.76875968	-0.168651212	-0.247250678	-0.259916602	-0.447251365	-0.128778035	-0.398525032	-0.289167516	-1.441597632	-0.871937733	-0.9924981	-0.338998604
-1.462995514	-1.393095826	-0.612382344	-0.83261594	-0.298903818	-0.504729305	-0.751719789	-0.172068238	0.226008904	-0.005932533	-0.800820915	-0.809878129	-0.643636693	-0.410340706	-0.331334109	-0.291665078	-0.322548619	-0.119905284	0.01152222	-0.174715479	-0.954934131	-0.629374956	-0.516087226	-0.16993953
-1.107136923	-1.400688705	-0.635527263	-0.646554282	-0.241310388	-0.629669572	-0.430107333	-0.130606622	0.19050076	0.133123429	-0.911179378	-0.925194297	-0.381223998	-0.452033182	-0.353689482	-0.273790524	-0.209340475	-0.129240345	0.261249654	-0.073485832	-1.097749244	-0.536969765	-0.419586471	0.106430245
-1.126988941	-1.38219165	-0.523328852	-0.599456178	-0.164226192	-0.434548814	-0.043633381	-0.172886856	0.079547211	0.233622899	-0.801907227	-0.901134259	-0.388117893	-0.449288733	-0.320669715	-0.22729087	0.105807399	-0.088389394	0.848174886	0.213545447	-0.939811047	-0.097594607	-0.157123945	0.95393749
-1.096022514	-1.224071683	-0.48526935	-0.577073277	0.115811062	-0.1854572	-0.472701592	-0.198246821	0.054148773	0.185577867	-0.358577177	-0.850361248	-0.577843222	-0.148157564	-0.321123553	-0.163034961	0.129804737	0.170874444	0.859499828	0.193839729	-0.481619758	0.004328317	0.490307922	0.897903332
-1.037414833	-1.011234211	-0.377191533	0.047117758	0.465342112	0.059565235	-0.298528855	-0.237460595	0.096349658	0.343214642	-0.228115286	-0.794659995	-0.290260592	-0.288565011	-0.503969909	-0.148555756	0.200652284	-0.015270816	0.771577507	0.103888903	-0.304840553	0.051270078	0.215152967	0.285206723
-0.950793714	-0.839097653	-0.201065108	-0.053201862	0.109466939	-0.181117293	0.10860328	-0.191757737	0.084656556	0.404663904	-0.498809821	-0.866683068	-0.050401342	-0.379045188	-0.802757266	0.076470814	-0.021679187	-0.11519203	0.528920027	-0.27339489	-0.557018908	0.088722042	0.077556437	0.218607502
-0.666444535	-0.782778168	-0.168510384	-0.20482946	0.123356955	-0.089703594	0.24357033	0.026041209	0.277085853	0.404518329	-0.246579894	-0.389415895	0.341882447	-0.110112523	-0.35534678	0.066512315	0.541962998	0.017422555	0.884664968	-0.031790207	-0.174201188	0.381951226	0.275563639	0.460350047
-0.42115686	-0.912033058	-0.2354508	-0.179047491	0.385845116	0.281472625	0.364188582	0.130285972	0.41922612	0.43397164	-0.103199208	-0.091955246	-0.039037323	0.198930662	-0.303365039	0.028323128	0.753293303	0.002831055	0.96387345	-0.011118815	-0.009060299	0.858954046	0.307412967	0.396366727
