-1.156749762
-1.348484548
-1.488257193
-1.470027521
-1.166301967
-1.104111579
-1.193552851
-1.451128142
-1.130741846
-1.072193696
-0.905076445
-0.600856528
-0.50040567
-0.70797555
-0.778048451
-0.985148103
-1.098725912
-1.312336246
-1.287236056
-0.675212117
-1.003519641
-1.441909984
-1.009611914
-0.975213539
-0.611119893
-0.484196281
-0.530194475
-0.651120874
-0.43556083
-0.445685221
-0.964253556
-1.148207022
-0.774932152
-1.038682284
-1.009112022
-1.207559543
-1.142336117
-1.018104153
-1.418330808
-1.369118895
-1.499429916
-1.096585189
-1.074596944
-1.188551827
-1.31819912
-1.330010729
-1.035427018
-0.857300541
-0.863761586
-0.610470227
-0.15959338
-0.163984251
-0.219071915
-0.177402697
0.144858013
-0.115424417
-0.017773309
-0.042635429
-0.339869136
-0.490706414
-0.558719456
-0.644755055
-0.698796837
-0.727009143
-0.452000082
-0.492913026
-0.602933548
-0.677055683
-0.667590374
-0.67039143
-0.462113904
-0.666281518
-0.632678422
-0.60626903
-0.734533782
-0.854626041
-0.06144105
0.365249105
-0.141125184
-0.247486397
-0.441452034
-0.587177279
-0.468791196
-0.484711681
-0.376293443
-0.372216201
-0.259482771
-0.896251439
-0.774913486
-1.012196152
-1.289129501
-1.333966316
-1.654039666
-1.544098087
-0.792677323
-0.79531153
-0.985713989
-0.552710477
-0.881722704
-1.132233549
-1.287507008
-1.592712445
-1.592204586
-1.622121924
-1.462989907
-1.107136923
-1.126988941
-1.088350803
-1.052494881
-0.965870107
-0.663657829
